1614609522.290
1614676084.9020243
1614711565.7330506
1614784296.0470107
1614806947.344419
1614808399.4053311
1614808995.858544
1614810163.9403622
1614810503.3650024
1614810836.8081892
1614811065.3243122
1614811149.7130246
1614861140.6057105
1614861234.7218244
1614861256.4579222
1614861277.9902377
1614861299.3335102
1614861320.657302
1614861341.840999
1614861363.4058995
1614861384.8467555
1614861406.2997606
1614861429.5212154
1614861450.9032497
1614861472.9180548
1614861494.5345852
1614861515.9198036
1614861538.2493758
1614861559.7436063
1614861581.5504453
1614861604.6179886
1614861627.1602402
1614861648.6280518
1614861670.310562
1614861692.2184289
1614861713.975928
1614861735.5005097
1614861756.727353
1614861778.10699
1614861799.5898957
1614861822.0891097
1614875831.9465265
1614875899.6187298
1614875923.8468363
1614875947.8709798
1614875971.2007015
1614875994.7477856
1614876019.0080845
1614876043.3918238
1614876067.071992
1614876091.5265086
1614876115.9013345
1614876140.272938
1614876164.510783
1614876188.6850076
1614876213.0153291
1614876236.2896
1614876260.423447
1614876286.6646967
1614876311.4807591
1614876335.9105816
1614876359.3422098
1614876383.8589134
1614876408.4965076
1614876433.3719556
1614876457.9864843
1614876482.56557
1614876505.884796
1614876531.3111753
1614876555.3336844
1614876578.592257
1614876603.6894336
1614876628.4034078
1614876652.6485457
1614876677.6688662
1614876701.904062
1614876727.9415953
1614876752.186204
1614876776.141077
1614876799.7990258
1614876824.0552006
1614876848.1376576
1614876872.3511174
1614876896.1218874
1614876919.9843163
1614876943.833982
1614876967.69101
1614876991.6526167
1614877016.2593548
1614877040.2249002
1614877064.6088912
1614877088.200825
1614877112.1398673
1614877135.7605026
1614877160.189808
1614877183.8754041
1614877207.6841245
1614877231.9024098
1614877253.8709679
1614877278.209594
1614877302.1829846
1614877325.4966085
1614877349.7495701
1614877373.321394
1614877396.754227
1614877419.9883835
1614877444.1540112
1614877468.1157482
1614877493.3434694
1614877517.0626519
1614877541.8379679
1614877565.8210847
1614877589.1874998
1614877613.1356754
1614877636.7869601
1614877660.367763
1614877685.0230114
1614877710.0400403
1614877733.4417171
1614877757.556793
1614877781.2869065
1614877804.9876359
1614877828.6863809
1614877852.3032014
1614877876.536706
1614877900.6481202
1614877925.0980918
1614877949.204846
1614877973.2876267
1614877996.7397249
1614878020.4514365
1614878044.783956
1614878068.8841672
1614878092.8855498
1614878116.8752694
1614878141.111292
1614878165.0385034
1614878189.143653
1614878213.6025977
1614878236.452839
1614878259.2150667
1614878282.1334257
1614878305.4527638
1614878328.450642
1614878352.1132238
1614878375.5406806
1614878399.2054596
1614878422.753165
1614878446.7716882
1614878470.3156347
1614878494.4992666
1614878518.4321063
1614878542.3752813
1614878566.2426133
1614878590.715745
1614878614.556341
1614878639.5698295
1614878664.2747781
1614878687.9767826
1614878711.8463132
1614878736.1653628
1614878759.475755
1614878782.4755635
1614878806.5453234
1614878830.164724
1614878854.7636383
1614878878.3711827
1614878902.5926206
1614878927.3827062
1614878951.096496
1614878974.824636
1614878998.9920065
1614879023.4966578
1614879047.697897
1614879071.5894876
1614879095.2497718
1614879120.9238994
1614879144.6887133
1614879168.8846714
1614879192.6400955
1614879216.6222625
1614879240.9428828
1614879264.5598526
1614879289.2443502
1614879313.5104518
1614879337.4682963
1614879361.0726178
1614879384.3906965
1614879408.180573
1614879432.1080868
1614879455.9133956
1614879479.5424027
1614879503.1004612
1614879527.277763
1614879551.3639107
1614879575.3764772
1614879599.9237335
1614879625.415491
1614879649.5104666
1614879673.5527222
1614879699.9121845
1614879723.6983232
1614879748.042458
1614879773.0031254
1614879799.265352
1614879823.8111339
1614879847.918077
1614879872.442669
1614879896.6645036
1614879921.6341515
1614879945.620668
1614879971.5751953
1614879995.8319128
1614880020.5455663
1614880045.212433
1614880069.7449276
1614880094.1540337
1614880118.656577
1614880142.51521
1614880166.7627974
1614880190.9479563
1614880214.2451806
1614880237.687473
1614880261.3422186
1614880285.5624774
1614880309.826843
1614880333.6164098
1614880357.5080295
1614880381.6628444
1614880405.4576097
1614880429.319626
1614880452.4482589
1614880475.890427
1614880500.8155947
1614880525.5421746
1614880549.876682
1614880574.564406
1614880598.184255
1614883545.703839
1614883611.3196702
1614883634.1091776
1614883657.4806447
1614883680.572862
1614883703.9717336
1614883727.2736874
1614883750.4087498
1614883773.2781537
1614883796.5343976
1614883819.5960004
1614883842.6842635
1614883865.231996
1614883887.9251988
1614883910.8106477
1614883933.7666285
1614883956.835394
1614883981.6202433
1614884005.243105
1614884029.1075468
1614884052.4029708
1614884075.4346852
1614884098.6185484
1614884121.0730224
1614884144.2161355
1614884167.136114
1614884190.0435488
1614884213.0685456
1614884236.103454
1614884259.3615994
1614884282.3388622
1614884305.2678952
1614884328.4624326
1614884351.7720728
1614884374.83244
1614884397.6852093
1614884420.64723
1614884443.98984
1614884466.6614268
1614884489.806634
1614884514.302546
1614884538.0467854
1614884560.9593422
1614884584.1564806
1614884608.055152
1614884631.2783883
1614884655.4068046
1614884679.1217682
1614884702.6039987
1614884726.5280187
1614884749.270124
1614884772.8733976
1614884795.9874575
1614884818.8509157
1614884842.5773995
1614884866.0388794
1614884890.1324003
1614884912.624626
1614884935.094409
1614884958.2838209
1614884981.6396632
1614885004.2652202
1614885027.8378625
1614885051.7525227
1614885075.748861
1614885100.0983481
1614885123.4014602
1614885147.0610785
1614885170.738485
1614885194.9152787
1614885216.0050075
1614885238.8539045
1614885262.781016
1614885285.908134
1614885308.8762043
1614885331.9418015
1614885354.9393463
1614885378.212279
1614885401.462209
1614885425.0834699
1614885449.1500323
1614885471.821446
1614885496.2411785
1614885519.6677058
1614885543.4467645
1614885566.177084
1614885589.1563363
1614885612.5495968
1614885637.025991
1614885660.651771
1614885683.0699706
1614885706.2998617
1614885729.6400397
1614885753.0902312
1614885776.9871192
1614885800.7561908
1614885823.118138
1614885845.700527
1614885868.545197
1614885891.570601
1614885914.9008415
1614885937.8682206
1614885962.1477988
1614885986.0979378
1614886009.1495707
1614886032.292811
1614886055.847407
1614886079.916199
1614886102.7349658
1614886126.4299586
1614886150.3917441
1614886174.4761193
1614886197.4886153
1614886219.9665437
1614886242.7076738
1614900751.9102962
1614901174.2094738
1614948642.2353458
1614948927.2630281
1615071163.3848083
1615153378.9383743
1615205058.999144
1615247592.3050396
1615248024.8899162
1615296565.6298633
1615321683.0427892
1615371377.196217
1615371691.1947646
1615427281.5228076
